8695272256928058
4975298732179917
1956374805474821
1492714771384262
1471172131479930
9531262440031466
2074144543142069
5966034868102264
6795031650133285
9514190453774618
0975980084357649
9304767101674108
9615263183487191
6928658354895859
1822762482207117
9767171913075483
3016064650790072
4868865513101682
8778713382135771
6593840365740886
9236750284540827
3544959732080098
8781294685532503
9745685340734755
5299219435306527
8354592882848978
9019401213083216
2063185259758698
5394200410822754
2816708024170736
8423522930172204
3057289981733193
5209064195823039
8132852966997870
1396939396823560
2569027443542548
3508025421744836
7462857224924279
5955722998578854
0387180975003759
6862658087106562
7829052694126975
8591441541071259
7935947082271736
6966253254157870
5468906830223389
2878561750710139
5103786277121402
3348170224381051
5786750630555828
6209731689050147
6723353746838236
1630088666266802
0032074559263512
5167087446834979
5973627147343771
4406299011831446
4847198489228914
9486812919318249
3419379505411099
7101019730284861
2651878514901098
9273997579145836
6124111600274508
4249960521540742
0618708799649594
0146031802404070
1340521331912418
4288704233343920
0054790838744016
5550715923316590
8787083449438106
0100059767386659
8570309886343417
7873339343111119
1720543317836381
5191995215160631
3914125393217004
2823255092534248
5841164054583316
6096093661936893
7881871689158230
8246287906427155
8090769371296465
8856425466060950
7655726303951018
3119531849349428
1730753839279444
0174128745097841
3104058580414683
4886538756995849
1924137485244907
8995766800292490
3665633891615309
0523124430621829
6555638052349500
3230271149014191
3297238506093676
1723353638642281
8517121226553963
8382263964073290
1562819768158586
0159539366745799
5481492093013276
9841209843799788
4927228824490692
1445990341500078
0742446559548058
8219618262459256
3729242236913375
6495463791776473
4153682950733383
2240473693664819
9256085912154867
9463958882682792
9110356547263576
3527614512881878
2186188651445319
1086045750475569
2393598417996463
8117052423840997
1151975582155991
7376575385195423
6741676673155778
1149780988670222
8336245679154748
0357010933825019
1626025202454351
8885500127069311
4699257035323345
8251073960174225
2536307794422686
8471244828565413
0521668201627310
4092354789729041
6826012730148428
7945918805559032
6959387072254326
0421483708118670
8235963315251935
0229015202000003
5126092267578813
7746895843170089
3675239035150568
7831525214500852
2773059604961838
8761379016667461
5996871010248477
2557330933945107
8507049568896292
2230554075502158
1135627652758596
0378741629418620
7673551030249635
9151938159858202
6872217973819343
5647309376231989
4532260102866115
9778310472010726
8649283681727209
7619001818400878
2989993438001027
9081118155218268
6664764701357170
5920537739544050
3061610715839493
4449275396765915
0036027324889970
1489013991272356
6961641803614465
6785001359401599
5243041140408569
3124042026103204
1974639839166941
1652231302377239
8754337197984753
6325951665770440
2413220308936717
7289532247144222
6502361470132796
2008673397115662
8451394590687649
8155048321244753
3645402152717474
1521454756346632
5338209347717090
9540257711122736
6250771900908448
6976115342091985
0902291468394872
0396391761867914
0541833082894289
8950635510987873
7237695043247355
0040564245211815
5868369237424791
8238480422314287
7470980257428809
9299735665863855
4664863046733871
8445228043241562
2889346603900365
1453465483434783
1935715705209569
3063627174977534
3505246008188178
5094169637273301
6223736915475183
6648994718564304
0848208848881405
9497919339792706
7657485764782804
7463185969200419
2080181874776410
3955293213909457
9706172813914659
4303120807014559
2206623241363275
9483554210102877
9659800207012713
2143064338145473
8750728139804521
5212318454965133
0747749432875537
7179016969068683
6624384835882458
3660309781043730
5357629125947429
4549538623306169
6072836685440027
8062961530747093
5828525422791921
6123062852769681
1948769658440771
0831377626806159
2815443534074464
9021626116585574
3792684127175275
8599114850128038
7692353894776044
9226065950792831
7834921239240792
6334225588555995
2207535345932686
3163294486179155
5400273083510853
2052243403357297
8485620993062538
5466808863759700
5959064820252355
1210116869053087
8677523327272377
4325889216200787
7388506138562341
2461784381351166
7300981629114346
4434965360286741
9151380413988444
3840945833187621
6257723665744543
3294338754466888
2474660703522541
8969445750714454
3302359238921561
2061804662990663
7147691907440502
3398009726676813
6510312571379213
7344347668516604
5423949965995995
5230910223924776
3178040583951420
1750646169319833
8077223364933892
4374399425572064
1515206654544936
0312139883317478
5466186682554776
0878209633815071
2961123986720628
1333880879499196
6469515834924992
0018656482711959
8025272380899184
5139666900565856
2636448157614016
0816320811215473
9264100444933212
6321549333174351
5912762500427022
4453178267409099
7314212529882299
6103449298839219
3382026798255936
3685193670187440
4568754472151940
1300458545909670
1429450010854045
2841056715078486
2486587811147006
3721916668457827
1060856320097669
6582419865734264
1096740885817266
5788662548259461
6017730602972703
1114326844647577
7119226630434725
2065798598758441
